[55, 55, 10, 180, 5, 5]~-0.998741~1.000000 
[70, 70, 10, 200, 5, 5]~-0.998741~1.000000 
[95, 95, 10, 220, 5, 5]~-0.998741~1.000000 
[110, 110, 10, 240, 5, 5]~-0.998741~1.000000 
[120, 120, 10, 260, 5, 5]~-0.998741~1.000000 
[140, 140, 10, 280, 5, 5]~-0.998741~0.000000 
[155, 155, 10, 300, 5, 5]~-0.998741~0.000000 
[175, 175, 10, 320, 5, 5]~-0.998741~-1.000000 
[190, 190, 10, 340, 5, 5]~-0.998741~-1.000000 
[205, 205, 10, 351, 5, 5]~-0.998741~-1.000000 
[225, 225, 10, 351, 5, 5]~-0.998741~-1.000000 
[240, 240, 10, 351, 5, 5]~-0.998741~-1.000000 
[260, 260, 10, 351, 5, 5]~-0.998741~-1.000000 
[275, 275, 10, 351, 5, 5]~-0.998741~-1.000000 
[290, 290, 10, 351, 5, 5]~-0.998741~-1.000000 
[305, 305, 10, 351, 5, 5]~-0.998741~-1.000000 
[315, 315, 10, 351, 5, 5]~-0.998741~-1.000000 
[330, 330, 10, 351, 5, 5]~-0.998741~-1.000000 
[345, 345, 10, 351, 5, 5]~-0.998741~-1.000000 
[360, 360, 10, 351, 5, 5]~-0.998741~-1.000000 
[370, 370, 10, 351, 5, 5]~-0.998741~1.000000 
[385, 376, 10, 351, 5, -4]~-0.308304~1.000000 
[390, 372, 10, 351, 5, -4]~-0.308304~1.000000 
[400, 364, 10, 351, 5, -4]~-0.308304~1.000000 
[410, 356, 10, 351, 5, -4]~-0.308304~1.000000 
[420, 348, 10, 351, 5, -4]~-0.308304~1.000000 
[435, 336, 10, 351, 5, -4]~-0.308304~1.000000 
[450, 324, 10, 351, 5, -4]~-0.308304~1.000000 
[460, 316, 10, 351, 5, -4]~-0.308304~1.000000 
[480, 300, 10, 351, 5, -4]~-0.308304~1.000000 
[510, 276, 10, 351, 5, -4]~-0.308304~1.000000 
[540, 252, 10, 351, 5, -4]~-0.308304~1.000000 
[560, 236, 10, 351, 5, -4]~-0.308304~1.000000 
[570, 222, 10, 351, -5, -2]~0.677795~0.000000 
[555, 216, 10, 331, -5, -2]~0.677795~0.000000 
[535, 208, 10, 311, -5, -2]~0.677795~0.000000 
[515, 200, 10, 291, -5, -2]~0.677795~0.000000 
[485, 188, 10, 271, -5, -2]~0.677795~0.000000 
[470, 182, 10, 251, -5, -2]~0.677795~0.000000 
[445, 172, 10, 231, -5, -2]~0.677795~0.000000 
[420, 162, 10, 211, -5, -2]~0.677795~0.000000 
[405, 156, 10, 191, -5, -2]~0.677795~0.000000 
[385, 148, 10, 171, -5, -2]~0.677795~0.000000 
[360, 138, 10, 151, -5, -2]~0.677795~0.000000 
[330, 126, 10, 131, -5, -2]~0.677795~0.000000 
[305, 116, 10, 111, -5, -2]~0.677795~0.000000 
[285, 108, 10, 91, -5, -2]~0.677795~0.000000 
[265, 100, 10, 71, -5, -2]~0.677795~0.000000 
[245, 92, 10, 51, -5, -2]~0.677795~0.000000 
[225, 84, 10, 31, -5, -2]~0.677795~0.000000 
[200, 74, 10, 11, -5, -2]~0.677795~0.000000 
[180, 66, 10, 9, -5, -2]~0.677788~0.000000 
[155, 56, 10, 9, -5, -2]~0.677788~0.000000 
[145, 52, 10, 9, -5, -2]~0.677788~0.000000 
[120, 42, 10, 9, -5, -2]~0.677788~0.000000 
[90, 30, 10, 9, -5, -2]~0.677788~0.000000 
[65, 20, 10, 9, -5, -2]~0.677788~0.000000 
[45, 12, 10, 9, -5, -2]~0.677680~0.000000 
[20, 34, 10, 9, -5, 6]~-0.962108~-1.000000 
[30, 67, 10, 29, 5, 9]~-0.999160~-1.000000 
[40, 85, 10, 49, 5, 9]~-0.999160~-1.000000 
[60, 121, 10, 69, 5, 9]~-0.999160~-1.000000 
[70, 139, 10, 89, 5, 9]~-0.999160~-1.000000 
[85, 166, 10, 109, 5, 9]~-0.999160~-1.000000 
[100, 193, 10, 129, 5, 9]~-0.999160~-1.000000 
[110, 211, 10, 149, 5, 9]~-0.999160~-1.000000 
[125, 238, 10, 169, 5, 9]~-0.999160~-1.000000 
[140, 265, 10, 189, 5, 9]~-0.999160~-1.000000 
[150, 283, 10, 209, 5, 9]~-0.999160~-1.000000 
[170, 319, 10, 229, 5, 9]~-0.999160~-1.000000 
[190, 355, 10, 249, 5, 9]~-0.999160~-1.000000 
[210, 371, 10, 269, 5, -10]~0.607964~1.000000 
[220, 351, 10, 249, 5, -10]~0.607964~1.000000 
[240, 311, 10, 229, 5, -10]~0.607964~1.000000 
[255, 281, 10, 209, 5, -10]~0.607964~1.000000 
[275, 241, 10, 189, 5, -10]~0.607964~1.000000 
[285, 221, 10, 169, 5, -10]~0.607964~1.000000 
[295, 201, 10, 149, 5, -10]~0.607964~1.000000 
[305, 181, 10, 129, 5, -10]~0.607964~1.000000 
[315, 161, 10, 109, 5, -10]~0.607964~1.000000 
[330, 131, 10, 89, 5, -10]~0.607964~1.000000 
[345, 101, 10, 69, 5, -10]~0.607964~1.000000 
[360, 71, 10, 49, 5, -10]~0.607964~1.000000 
[375, 41, 10, 29, 5, -10]~0.607964~1.000000 
[395, 9, 10, 9, 5, 12]~-0.999216~-1.000000 
[405, 33, 10, 29, 5, 12]~-0.999215~-1.000000 
[420, 69, 10, 49, 5, 12]~-0.999215~-1.000000 
[425, 81, 10, 69, 5, 12]~-0.999215~-1.000000 
