[65, 65, 10, 180, 5, 5]~-0.092673~1.000000 
[85, 85, 10, 180, 5, 5]~-0.092673~1.000000 
[100, 100, 10, 180, 5, 5]~-0.092673~-1.000000 
[125, 125, 10, 180, 5, 5]~-0.092673~-1.000000 
[150, 150, 10, 180, 5, 5]~-0.092673~-1.000000 
[170, 170, 10, 180, 5, 5]~-0.092673~-1.000000 
[190, 190, 10, 180, 5, 5]~-0.092673~-1.000000 
[210, 210, 10, 180, 5, 5]~-0.092673~-1.000000 
[220, 220, 10, 180, 5, 5]~-0.092673~-1.000000 
[235, 235, 10, 180, 5, 5]~-0.092673~-1.000000 
[255, 255, 10, 180, 5, 5]~-0.092673~-1.000000 
[275, 275, 10, 180, 5, 5]~-0.092673~-1.000000 
[300, 300, 10, 180, 5, 5]~-0.092673~-1.000000 
[315, 315, 10, 180, 5, 5]~-0.092673~-1.000000 
[335, 335, 10, 180, 5, 5]~-0.092673~-1.000000 
[350, 350, 10, 180, 5, 5]~-0.092673~-1.000000 
[370, 370, 10, 180, 5, 5]~-0.092673~-1.000000 
[385, 375, 10, 180, 5, -5]~0.090746~1.000000 
[405, 355, 10, 180, 5, -5]~0.090746~1.000000 
[425, 335, 10, 180, 5, -5]~0.090746~1.000000 
[460, 300, 10, 180, 5, -5]~0.090746~1.000000 
[485, 275, 10, 180, 5, -5]~0.090746~1.000000 
[510, 250, 10, 180, 5, -5]~0.090746~1.000000 
[540, 220, 10, 180, 5, -5]~0.090746~1.000000 
[565, 195, 10, 180, 5, -5]~0.090746~1.000000 
[560, 170, 10, 180, -5, -5]~0.312933~0.000000 
[535, 145, 10, 160, -5, -5]~0.312933~0.000000 
[510, 120, 10, 140, -5, -5]~0.312933~0.000000 
[485, 95, 10, 120, -5, -5]~0.312933~0.000000 
[460, 70, 10, 100, -5, -5]~0.312933~0.000000 
[435, 45, 10, 80, -5, -5]~0.312933~0.000000 
[415, 25, 10, 60, -5, -5]~0.312933~0.000000 
[390, 20, 10, 40, -5, 5]~-0.853845~0.000000 
[365, 45, 10, 60, -5, 5]~-0.853845~0.000000 
[335, 75, 10, 80, -5, 5]~-0.853845~0.000000 
[310, 100, 10, 100, -5, 5]~-0.853845~0.000000 
[280, 130, 10, 120, -5, 5]~-0.853845~0.000000 
[265, 145, 10, 140, -5, 5]~-0.853845~0.000000 
[240, 170, 10, 160, -5, 5]~-0.853845~0.000000 
[210, 200, 10, 180, -5, 5]~-0.853845~0.000000 
[180, 230, 10, 200, -5, 5]~-0.853845~0.000000 
[155, 255, 10, 220, -5, 5]~-0.853845~0.000000 
[130, 280, 10, 240, -5, 5]~-0.853845~0.000000 
[105, 305, 10, 260, -5, 5]~-0.853845~0.000000 
[75, 335, 10, 280, -5, 5]~-0.853845~0.000000 
[50, 360, 10, 300, -5, 5]~-0.853845~0.000000 
[45, 365, 10, 320, -5, 5]~-0.853845~0.000000 
[20, 370, 10, 340, -5, -5]~0.312933~0.000000 
[20, 360, 10, 320, 5, -5]~0.090746~0.000000 
[35, 345, 10, 320, 5, -5]~0.090746~1.000000 
[50, 330, 10, 320, 5, -5]~0.090746~1.000000 
[60, 320, 10, 320, 5, -5]~0.090746~1.000000 
[70, 310, 10, 320, 5, -5]~0.090746~1.000000 
[85, 295, 10, 320, 5, -5]~0.090746~1.000000 
[95, 285, 10, 320, 5, -5]~0.090746~1.000000 
[105, 275, 10, 320, 5, -5]~0.090746~1.000000 
[115, 265, 10, 320, 5, -5]~0.090746~1.000000 
[135, 245, 10, 320, 5, -5]~0.090746~1.000000 
[155, 225, 10, 320, 5, -5]~0.090746~1.000000 
[170, 210, 10, 320, 5, -5]~0.090746~1.000000 
[180, 200, 10, 320, 5, -5]~0.090746~1.000000 
[195, 185, 10, 320, 5, -5]~0.090746~1.000000 
[205, 175, 10, 320, 5, -5]~0.090746~1.000000 
[220, 160, 10, 320, 5, -5]~0.090746~1.000000 
[235, 145, 10, 320, 5, -5]~0.090746~1.000000 
[250, 130, 10, 320, 5, -5]~0.090746~1.000000 
[265, 115, 10, 320, 5, -5]~0.090746~1.000000 
[280, 100, 10, 320, 5, -5]~0.090746~1.000000 
[300, 80, 10, 320, 5, -5]~0.090746~1.000000 
[320, 60, 10, 320, 5, -5]~0.090746~1.000000 
[340, 40, 10, 320, 5, -5]~0.090746~1.000000 
[360, 20, 10, 320, 5, -5]~0.090746~1.000000 
[365, 15, 10, 320, 5, -5]~0.090747~-1.000000 
[370, 10, 10, 320, 5, 5]~-0.092377~-1.000000 
[390, 30, 10, 320, 5, 5]~-0.092673~-1.000000 
[410, 50, 10, 320, 5, 5]~-0.092673~-1.000000 
[430, 70, 10, 320, 5, 5]~-0.092673~-1.000000 
[460, 100, 10, 320, 5, 5]~-0.092673~-1.000000 
[485, 125, 10, 320, 5, 5]~-0.092673~-1.000000 
[510, 150, 10, 320, 5, 5]~-0.092673~-1.000000 
[540, 180, 10, 320, 5, 5]~-0.092673~-1.000000 
[570, 210, 10, 320, 5, 5]~-0.092673~0.000000 
[545, 245, 10, 320, -5, 5]~-0.853845~0.000000 
[525, 265, 10, 340, -5, 5]~-0.853845~0.000000 
[495, 295, 10, 351, -5, 5]~-0.853845~0.000000 
[465, 325, 10, 351, -5, 5]~-0.853845~0.000000 
[435, 355, 10, 351, -5, 5]~-0.853845~0.000000 
[410, 380, 10, 351, -5, -5]~0.312933~0.000000 
[400, 370, 10, 331, -5, -5]~0.312933~0.000000 
[385, 355, 10, 311, -5, -5]~0.312933~0.000000 
[360, 330, 10, 291, -5, -5]~0.312933~0.000000 
[335, 305, 10, 271, -5, -5]~0.312933~0.000000 
[310, 280, 10, 251, -5, -5]~0.312933~0.000000 
[290, 260, 10, 231, -5, -5]~0.312933~0.000000 
[280, 250, 10, 211, -5, -5]~0.312933~0.000000 
[255, 225, 10, 191, -5, -5]~0.312933~0.000000 
[240, 210, 10, 171, -5, -5]~0.312933~0.000000 
[210, 180, 10, 151, -5, -5]~0.312933~0.000000 
[185, 155, 10, 131, -5, -5]~0.312933~0.000000 
[165, 135, 10, 111, -5, -5]~0.312933~0.000000 
[140, 110, 10, 91, -5, -5]~0.312933~0.000000 
[110, 80, 10, 71, -5, -5]~0.312933~0.000000 
[90, 60, 10, 51, -5, -5]~0.312933~0.000000 
[75, 45, 10, 31, -5, -5]~0.312933~0.000000 
[55, 25, 10, 11, -5, -5]~0.312551~0.000000 
[40, 10, 10, 9, -5, 5]~-0.855608~0.000000 
[15, 35, 10, 29, 5, 5]~-0.092673~-1.000000 
[25, 45, 10, 29, 5, 5]~-0.092673~-1.000000 
[40, 60, 10, 29, 5, 5]~-0.092673~-1.000000 
[60, 80, 10, 29, 5, 5]~-0.092673~-1.000000 
[75, 95, 10, 29, 5, 5]~-0.092673~-1.000000 
[95, 115, 10, 29, 5, 5]~-0.092673~-1.000000 
[115, 135, 10, 29, 5, 5]~-0.092673~-1.000000 
[130, 150, 10, 29, 5, 5]~-0.092673~-1.000000 
[150, 170, 10, 29, 5, 5]~-0.092673~-1.000000 
[175, 195, 10, 29, 5, 5]~-0.092673~-1.000000 
[200, 220, 10, 29, 5, 5]~-0.092673~-1.000000 
[220, 240, 10, 29, 5, 5]~-0.092673~-1.000000 
[235, 255, 10, 29, 5, 5]~-0.092673~-1.000000 
[255, 275, 10, 29, 5, 5]~-0.092673~-1.000000 
[275, 295, 10, 29, 5, 5]~-0.092673~-1.000000 
[295, 315, 10, 29, 5, 5]~-0.092673~-1.000000 
[305, 325, 10, 29, 5, 5]~-0.092673~-1.000000 
[320, 340, 10, 29, 5, 5]~-0.092673~-1.000000 
[340, 360, 10, 29, 5, 5]~-0.092673~-1.000000 
[355, 375, 10, 29, 5, 5]~-0.092673~1.000000 
[380, 360, 10, 29, 5, -5]~0.090746~1.000000 
[400, 340, 10, 29, 5, -5]~0.090746~1.000000 
[425, 315, 10, 29, 5, -5]~0.090746~1.000000 
[450, 290, 10, 29, 5, -5]~0.090746~1.000000 
[470, 270, 10, 29, 5, -5]~0.090746~1.000000 
[490, 250, 10, 29, 5, -5]~0.090746~1.000000 
[505, 235, 10, 29, 5, -5]~0.090746~1.000000 
[520, 220, 10, 29, 5, -5]~0.090746~1.000000 
[540, 200, 10, 29, 5, -5]~0.090746~1.000000 
[560, 180, 10, 29, 5, -5]~0.090746~1.000000 
[575, 165, 10, 29, -5, -5]~0.312933~0.000000 
[555, 145, 10, 9, -5, -5]~0.311638~0.000000 
[530, 120, 10, 9, -5, -5]~0.311638~0.000000 
[505, 95, 10, 9, -5, -5]~0.311638~0.000000 
[480, 70, 10, 9, -5, -5]~0.311638~0.000000 
[460, 50, 10, 9, -5, -5]~0.311638~0.000000 
[435, 25, 10, 9, -5, -5]~0.311638~0.000000 
[415, 15, 10, 9, -5, 5]~-0.856052~0.000000 
[390, 40, 10, 29, -5, 5]~-0.853845~0.000000 
[365, 65, 10, 49, -5, 5]~-0.853845~0.000000 
[330, 100, 10, 69, -5, 5]~-0.853845~0.000000 
[305, 125, 10, 89, -5, 5]~-0.853845~0.000000 
[285, 145, 10, 109, -5, 5]~-0.853845~0.000000 
[260, 170, 10, 129, -5, 5]~-0.853845~0.000000 
[235, 195, 10, 149, -5, 5]~-0.853845~0.000000 
[210, 220, 10, 169, -5, 5]~-0.853845~0.000000 
[180, 250, 10, 189, -5, 5]~-0.853845~0.000000 
[160, 270, 10, 209, -5, 5]~-0.853845~0.000000 
[135, 295, 10, 229, -5, 5]~-0.853845~0.000000 
[115, 315, 10, 249, -5, 5]~-0.853845~0.000000 
[90, 340, 10, 269, -5, 5]~-0.853845~0.000000 
[65, 365, 10, 289, -5, 5]~-0.853845~0.000000 
[40, 370, 10, 309, -5, -5]~0.312933~0.000000 
[15, 345, 10, 289, -5, -5]~0.312933~-1.000000 
[20, 325, 10, 269, 5, -5]~0.090746~-1.000000 
[40, 305, 10, 269, 5, -5]~0.090746~0.000000 
[60, 285, 10, 269, 5, -5]~0.090746~1.000000 
[85, 260, 10, 269, 5, -5]~0.090746~1.000000 
[100, 245, 10, 269, 5, -5]~0.090746~1.000000 
[110, 235, 10, 269, 5, -5]~0.090746~1.000000 
[135, 210, 10, 269, 5, -5]~0.090746~1.000000 
[155, 190, 10, 269, 5, -5]~0.090746~1.000000 
[175, 170, 10, 269, 5, -5]~0.090746~1.000000 
[195, 150, 10, 269, 5, -5]~0.090746~1.000000 
[215, 130, 10, 269, 5, -5]~0.090746~1.000000 
[230, 115, 10, 269, 5, -5]~0.090746~1.000000 
[250, 95, 10, 269, 5, -5]~0.090746~1.000000 
[265, 80, 10, 269, 5, -5]~0.090746~1.000000 
[280, 65, 10, 269, 5, -5]~0.090746~1.000000 
[295, 50, 10, 269, 5, -5]~0.090746~1.000000 
[315, 30, 10, 269, 5, -5]~0.090746~1.000000 
[330, 15, 10, 269, 5, -5]~0.090747~-1.000000 
[350, 25, 10, 269, 5, 5]~-0.092673~-1.000000 
[365, 40, 10, 269, 5, 5]~-0.092673~-1.000000 
[385, 60, 10, 269, 5, 5]~-0.092673~-1.000000 
[410, 85, 10, 269, 5, 5]~-0.092673~-1.000000 
[435, 110, 10, 269, 5, 5]~-0.092673~-1.000000 
[470, 145, 10, 269, 5, 5]~-0.092673~-1.000000 
[495, 170, 10, 269, 5, 5]~-0.092673~-1.000000 
[520, 195, 10, 269, 5, 5]~-0.092673~-1.000000 
[550, 225, 10, 269, 5, 5]~-0.092673~-1.000000 
[575, 250, 10, 269, -5, 5]~-0.853845~0.000000 
[555, 270, 10, 289, -5, 5]~-0.853845~0.000000 
[535, 290, 10, 309, -5, 5]~-0.853845~0.000000 
[505, 320, 10, 329, -5, 5]~-0.853845~0.000000 
[480, 345, 10, 349, -5, 5]~-0.853845~0.000000 
[455, 370, 10, 351, -5, 5]~-0.853845~0.000000 
[435, 370, 10, 351, -5, -5]~0.312933~0.000000 
[410, 345, 10, 331, -5, -5]~0.312933~0.000000 
[380, 315, 10, 311, -5, -5]~0.312933~0.000000 
[355, 290, 10, 291, -5, -5]~0.312933~0.000000 
[330, 265, 10, 271, -5, -5]~0.312933~0.000000 
[310, 245, 10, 251, -5, -5]~0.312933~0.000000 
[280, 215, 10, 231, -5, -5]~0.312933~0.000000 
[250, 185, 10, 211, -5, -5]~0.312933~0.000000 
[220, 155, 10, 191, -5, -5]~0.312933~0.000000 
[200, 135, 10, 171, -5, -5]~0.312933~0.000000 
[180, 115, 10, 151, -5, -5]~0.312933~0.000000 
[155, 90, 10, 131, -5, -5]~0.312933~0.000000 
[130, 65, 10, 111, -5, -5]~0.312933~0.000000 
[105, 40, 10, 91, -5, -5]~0.312933~0.000000 
[85, 20, 10, 71, -5, -5]~0.312933~0.000000 
[60, 25, 10, 51, -5, 5]~-0.853845~0.000000 
[35, 50, 10, 71, -5, 5]~-0.853845~0.000000 
[10, 80, 10, 91, 5, 5]~-0.092667~0.000000 
[15, 95, 10, 91, -5, 5]~-0.853845~0.000000 
[15, 125, 10, 111, -5, 5]~-0.853845~0.000000 
[10, 150, 10, 131, 5, 5]~-0.092667~0.000000 
[10, 175, 10, 131, 5, 5]~-0.092667~-1.000000 
[30, 195, 10, 131, 5, 5]~-0.092673~-1.000000 
[55, 220, 10, 131, 5, 5]~-0.092673~-1.000000 
[75, 240, 10, 131, 5, 5]~-0.092673~-1.000000 
[95, 260, 10, 131, 5, 5]~-0.092673~-1.000000 
[115, 280, 10, 131, 5, 5]~-0.092673~-1.000000 
[130, 295, 10, 131, 5, 5]~-0.092673~-1.000000 
[150, 315, 10, 131, 5, 5]~-0.092673~-1.000000 
[170, 335, 10, 131, 5, 5]~-0.092673~-1.000000 
[185, 350, 10, 131, 5, 5]~-0.092673~-1.000000 
[200, 365, 10, 131, 5, 5]~-0.092673~-1.000000 
[215, 380, 10, 131, 5, -5]~0.090746~-1.000000 
[230, 365, 10, 131, 5, -5]~0.090746~0.000000 
[250, 345, 10, 131, 5, -5]~0.090746~1.000000 
[265, 330, 10, 131, 5, -5]~0.090746~1.000000 
[280, 315, 10, 131, 5, -5]~0.090746~1.000000 
[305, 290, 10, 131, 5, -5]~0.090746~1.000000 
[330, 265, 10, 131, 5, -5]~0.090746~1.000000 
[350, 245, 10, 131, 5, -5]~0.090746~1.000000 
[375, 220, 10, 131, 5, -5]~0.090746~1.000000 
[395, 200, 10, 131, 5, -5]~0.090746~1.000000 
[420, 175, 10, 131, 5, -5]~0.090746~1.000000 
[445, 150, 10, 131, 5, -5]~0.090746~1.000000 
[475, 120, 10, 131, 5, -5]~0.090746~1.000000 
[505, 90, 10, 131, 5, -5]~0.090746~1.000000 
[540, 55, 10, 131, 5, -5]~0.090746~1.000000 
[575, 20, 10, 131, -5, -5]~0.312933~0.000000 
[545, 30, 10, 111, -5, 5]~-0.853845~0.000000 
[515, 60, 10, 131, -5, 5]~-0.853845~0.000000 
[490, 85, 10, 151, -5, 5]~-0.853845~0.000000 
[465, 110, 10, 171, -5, 5]~-0.853845~0.000000 
[445, 130, 10, 191, -5, 5]~-0.853845~0.000000 
[425, 150, 10, 211, -5, 5]~-0.853845~0.000000 
[395, 180, 10, 231, -5, 5]~-0.853845~0.000000 
[375, 200, 10, 251, -5, 5]~-0.853845~0.000000 
[355, 220, 10, 271, -5, 5]~-0.853845~0.000000 
[325, 250, 10, 291, -5, 5]~-0.853845~0.000000 
[305, 270, 10, 311, -5, 5]~-0.853845~0.000000 
[280, 295, 10, 331, -5, 5]~-0.853845~0.000000 
[250, 325, 10, 351, -5, 5]~-0.853845~0.000000 
[220, 355, 10, 351, -5, 5]~-0.853845~0.000000 
[200, 375, 10, 351, -5, 5]~-0.853845~0.000000 
[180, 365, 10, 351, -5, -5]~0.312933~0.000000 
[155, 340, 10, 331, -5, -5]~0.312933~0.000000 
[130, 315, 10, 311, -5, -5]~0.312933~0.000000 
[105, 290, 10, 291, -5, -5]~0.312933~0.000000 
[80, 265, 10, 271, -5, -5]~0.312933~0.000000 
[55, 240, 10, 251, -5, -5]~0.312933~0.000000 
[30, 215, 10, 231, -5, -5]~0.312933~0.000000 
[10, 195, 10, 211, -5, -5]~0.312934~1.000000 
[10, 175, 10, 191, 5, -5]~0.090748~1.000000 
[30, 155, 10, 191, 5, -5]~0.090746~1.000000 
[45, 140, 10, 191, 5, -5]~0.090746~1.000000 
[65, 120, 10, 191, 5, -5]~0.090746~1.000000 
[80, 105, 10, 191, 5, -5]~0.090746~1.000000 
[100, 85, 10, 191, 5, -5]~0.090746~1.000000 
[125, 60, 10, 191, 5, -5]~0.090746~1.000000 
[145, 40, 10, 191, 5, -5]~0.090746~1.000000 
[170, 15, 10, 191, 5, -5]~0.090747~1.000000 
[190, 25, 10, 191, 5, 5]~-0.092673~-1.000000 
[200, 35, 10, 191, 5, 5]~-0.092673~-1.000000 
[225, 60, 10, 191, 5, 5]~-0.092673~-1.000000 
[245, 80, 10, 191, 5, 5]~-0.092673~-1.000000 
[260, 95, 10, 191, 5, 5]~-0.092673~-1.000000 
[280, 115, 10, 191, 5, 5]~-0.092673~-1.000000 
[300, 135, 10, 191, 5, 5]~-0.092673~-1.000000 
[315, 150, 10, 191, 5, 5]~-0.092673~-1.000000 
[335, 170, 10, 191, 5, 5]~-0.092673~-1.000000 
[355, 190, 10, 191, 5, 5]~-0.092673~-1.000000 
[370, 205, 10, 191, 5, 5]~-0.092673~-1.000000 
[385, 220, 10, 191, 5, 5]~-0.092673~-1.000000 
[405, 240, 10, 191, 5, 5]~-0.092673~-1.000000 
[420, 255, 10, 191, 5, 5]~-0.092673~-1.000000 
[440, 275, 10, 191, 5, 5]~-0.092673~-1.000000 
[465, 300, 10, 191, 5, 5]~-0.092673~-1.000000 
[490, 325, 10, 191, 5, 5]~-0.092673~-1.000000 
[510, 345, 10, 191, 5, 5]~-0.092673~-1.000000 
[530, 365, 10, 191, 5, 5]~-0.092673~-1.000000 
[545, 380, 10, 191, 5, -5]~0.090746~1.000000 
[570, 355, 10, 191, 5, -5]~0.090746~0.000000 
[555, 330, 10, 191, -5, -5]~0.312933~0.000000 
[520, 295, 10, 171, -5, -5]~0.312933~0.000000 
[490, 265, 10, 151, -5, -5]~0.312933~0.000000 
[465, 240, 10, 131, -5, -5]~0.312933~0.000000 
[445, 220, 10, 111, -5, -5]~0.312933~0.000000 
[420, 195, 10, 91, -5, -5]~0.312933~0.000000 
[390, 165, 10, 71, -5, -5]~0.312933~0.000000 
[370, 145, 10, 51, -5, -5]~0.312933~0.000000 
[345, 120, 10, 31, -5, -5]~0.312933~0.000000 
[320, 95, 10, 11, -5, -5]~0.312551~0.000000 
[290, 65, 10, 9, -5, -5]~0.311638~0.000000 
[265, 40, 10, 9, -5, -5]~0.311638~0.000000 
[235, 10, 10, 9, -5, 5]~-0.855608~0.000000 
[215, 30, 10, 29, -5, 5]~-0.853845~0.000000 
[185, 60, 10, 49, -5, 5]~-0.853845~0.000000 
[160, 85, 10, 69, -5, 5]~-0.853845~0.000000 
[140, 105, 10, 89, -5, 5]~-0.853845~0.000000 
[120, 125, 10, 109, -5, 5]~-0.853845~0.000000 
[90, 155, 10, 129, -5, 5]~-0.853845~0.000000 
[75, 170, 10, 149, -5, 5]~-0.853845~0.000000 
[50, 195, 10, 169, -5, 5]~-0.853845~0.000000 
[25, 220, 10, 189, -5, 5]~-0.853845~0.000000 
[10, 245, 10, 209, 5, 5]~-0.092667~-1.000000 
[20, 255, 10, 209, 5, 5]~-0.092673~-1.000000 
[45, 280, 10, 209, 5, 5]~-0.092673~-1.000000 
[65, 300, 10, 209, 5, 5]~-0.092673~-1.000000 
[85, 320, 10, 209, 5, 5]~-0.092673~-1.000000 
[110, 345, 10, 209, 5, 5]~-0.092673~-1.000000 
[125, 360, 10, 209, 5, 5]~-0.092673~-1.000000 
[145, 380, 10, 209, 5, -5]~0.090746~-1.000000 
[160, 365, 10, 209, 5, -5]~0.090746~1.000000 
[190, 335, 10, 209, 5, -5]~0.090746~1.000000 
[215, 310, 10, 209, 5, -5]~0.090746~1.000000 
[240, 285, 10, 209, 5, -5]~0.090746~1.000000 
[265, 260, 10, 209, 5, -5]~0.090746~1.000000 
[290, 235, 10, 209, 5, -5]~0.090746~1.000000 
[315, 210, 10, 209, 5, -5]~0.090746~1.000000 
[340, 185, 10, 209, 5, -5]~0.090746~1.000000 
[370, 155, 10, 209, 5, -5]~0.090746~1.000000 
[390, 135, 10, 209, 5, -5]~0.090746~1.000000 
[410, 115, 10, 209, 5, -5]~0.090746~1.000000 
[430, 95, 10, 209, 5, -5]~0.090746~1.000000 
[455, 70, 10, 209, 5, -5]~0.090746~1.000000 
[475, 50, 10, 209, 5, -5]~0.090746~1.000000 
[495, 30, 10, 209, 5, -5]~0.090746~1.000000 
[515, 10, 10, 209, 5, 5]~-0.092377~-1.000000 
[545, 40, 10, 209, 5, 5]~-0.092673~-1.000000 
[575, 70, 10, 209, -5, 5]~-0.853845~0.000000 
[545, 100, 10, 229, -5, 5]~-0.853845~0.000000 
[515, 130, 10, 249, -5, 5]~-0.853845~0.000000 
[485, 160, 10, 269, -5, 5]~-0.853845~0.000000 
[460, 185, 10, 289, -5, 5]~-0.853845~0.000000 
[430, 215, 10, 309, -5, 5]~-0.853845~0.000000 
[400, 245, 10, 329, -5, 5]~-0.853845~0.000000 
[380, 265, 10, 349, -5, 5]~-0.853845~0.000000 
[360, 285, 10, 351, -5, 5]~-0.853845~0.000000 
[330, 315, 10, 351, -5, 5]~-0.853845~0.000000 
[310, 335, 10, 351, -5, 5]~-0.853845~0.000000 
[280, 365, 10, 351, -5, 5]~-0.853845~0.000000 
[265, 380, 10, 351, -5, -5]~0.312933~0.000000 
[240, 355, 10, 331, -5, -5]~0.312933~0.000000 
[225, 340, 10, 311, -5, -5]~0.312933~0.000000 
[200, 315, 10, 291, -5, -5]~0.312933~0.000000 
[175, 290, 10, 271, -5, -5]~0.312933~0.000000 
[155, 270, 10, 251, -5, -5]~0.312933~0.000000 
[140, 255, 10, 231, -5, -5]~0.312933~0.000000 
[120, 235, 10, 211, -5, -5]~0.312933~0.000000 
[95, 210, 10, 191, -5, -5]~0.312933~0.000000 
[65, 180, 10, 171, -5, -5]~0.312933~0.000000 
[45, 160, 10, 151, -5, -5]~0.312933~0.000000 
[20, 135, 10, 131, -5, -5]~0.312933~1.000000 
[25, 120, 10, 111, 5, -5]~0.090746~1.000000 
[45, 100, 10, 111, 5, -5]~0.090746~1.000000 
[60, 85, 10, 111, 5, -5]~0.090746~1.000000 
[80, 65, 10, 111, 5, -5]~0.090746~1.000000 
[100, 45, 10, 111, 5, -5]~0.090746~1.000000 
[115, 30, 10, 111, 5, -5]~0.090746~1.000000 
[130, 15, 10, 111, 5, -5]~0.090747~-1.000000 
[150, 25, 10, 111, 5, 5]~-0.092673~-1.000000 
[170, 45, 10, 111, 5, 5]~-0.092673~-1.000000 
[185, 60, 10, 111, 5, 5]~-0.092673~-1.000000 
[205, 80, 10, 111, 5, 5]~-0.092673~-1.000000 
[225, 100, 10, 111, 5, 5]~-0.092673~-1.000000 
[245, 120, 10, 111, 5, 5]~-0.092673~-1.000000 
[265, 140, 10, 111, 5, 5]~-0.092673~-1.000000 
[285, 160, 10, 111, 5, 5]~-0.092673~-1.000000 
[310, 185, 10, 111, 5, 5]~-0.092673~-1.000000 
[330, 205, 10, 111, 5, 5]~-0.092673~-1.000000 
[345, 220, 10, 111, 5, 5]~-0.092673~-1.000000 
[360, 235, 10, 111, 5, 5]~-0.092673~-1.000000 
[380, 255, 10, 111, 5, 5]~-0.092673~-1.000000 
[395, 270, 10, 111, 5, 5]~-0.092673~-1.000000 
[410, 285, 10, 111, 5, 5]~-0.092673~-1.000000 
[425, 300, 10, 111, 5, 5]~-0.092673~-1.000000 
[440, 315, 10, 111, 5, 5]~-0.092673~-1.000000 
[460, 335, 10, 111, 5, 5]~-0.092673~-1.000000 
[475, 350, 10, 111, 5, 5]~-0.092673~-1.000000 
[490, 365, 10, 111, 5, 5]~-0.092673~-1.000000 
[510, 375, 10, 111, 5, -5]~0.090746~1.000000 
[535, 350, 10, 111, 5, -5]~0.090746~1.000000 
[565, 320, 10, 111, 5, -5]~0.090746~0.000000 
[555, 290, 10, 111, -5, -5]~0.312933~0.000000 
[525, 260, 10, 91, -5, -5]~0.312933~0.000000 
[500, 235, 10, 71, -5, -5]~0.312933~0.000000 
[480, 215, 10, 51, -5, -5]~0.312933~0.000000 
[455, 190, 10, 31, -5, -5]~0.312933~0.000000 
[435, 170, 10, 11, -5, -5]~0.312551~0.000000 
[405, 140, 10, 9, -5, -5]~0.311638~0.000000 
[375, 110, 10, 9, -5, -5]~0.311638~0.000000 
[350, 85, 10, 9, -5, -5]~0.311638~0.000000 
[320, 55, 10, 9, -5, -5]~0.311638~0.000000 
[295, 30, 10, 9, -5, -5]~0.311638~0.000000 
[270, 15, 10, 9, -5, 5]~-0.856052~0.000000 
[250, 35, 10, 29, -5, 5]~-0.853845~0.000000 
[220, 65, 10, 49, -5, 5]~-0.853845~0.000000 
[195, 90, 10, 69, -5, 5]~-0.853845~0.000000 
[165, 120, 10, 89, -5, 5]~-0.853845~0.000000 
[140, 145, 10, 109, -5, 5]~-0.853845~0.000000 
[110, 175, 10, 129, -5, 5]~-0.853845~0.000000 
[85, 200, 10, 149, -5, 5]~-0.853845~0.000000 
[55, 230, 10, 169, -5, 5]~-0.853845~0.000000 
[20, 265, 10, 189, -5, 5]~-0.853845~0.000000 
[15, 285, 10, 209, 5, 5]~-0.092673~-1.000000 
[35, 305, 10, 209, 5, 5]~-0.092673~-1.000000 
[60, 330, 10, 209, 5, 5]~-0.092673~-1.000000 
[80, 350, 10, 209, 5, 5]~-0.092673~-1.000000 
[100, 370, 10, 209, 5, 5]~-0.092673~-1.000000 
[110, 380, 10, 209, 5, -5]~0.090746~-1.000000 
[130, 360, 10, 209, 5, -5]~0.090746~-1.000000 
[150, 340, 10, 209, 5, -5]~0.090746~1.000000 
[170, 320, 10, 209, 5, -5]~0.090746~1.000000 
[185, 305, 10, 209, 5, -5]~0.090746~1.000000 
[205, 285, 10, 209, 5, -5]~0.090746~1.000000 
[220, 270, 10, 209, 5, -5]~0.090746~1.000000 
[240, 250, 10, 209, 5, -5]~0.090746~1.000000 
[265, 225, 10, 209, 5, -5]~0.090746~1.000000 
[280, 210, 10, 209, 5, -5]~0.090746~1.000000 
[300, 190, 10, 209, 5, -5]~0.090746~1.000000 
[320, 170, 10, 209, 5, -5]~0.090746~1.000000 
[335, 155, 10, 209, 5, -5]~0.090746~1.000000 
[350, 140, 10, 209, 5, -5]~0.090746~1.000000 
[370, 120, 10, 209, 5, -5]~0.090746~1.000000 
[385, 105, 10, 209, 5, -5]~0.090746~1.000000 
[405, 85, 10, 209, 5, -5]~0.090746~1.000000 
[420, 70, 10, 209, 5, -5]~0.090746~1.000000 
[440, 50, 10, 209, 5, -5]~0.090746~1.000000 
[455, 35, 10, 209, 5, -5]~0.090746~1.000000 
[470, 20, 10, 209, 5, -5]~0.090746~-1.000000 
[495, 25, 10, 209, 5, 5]~-0.092673~-1.000000 
[515, 45, 10, 209, 5, 5]~-0.092673~-1.000000 
[540, 70, 10, 209, 5, 5]~-0.092673~-1.000000 
[565, 95, 10, 209, 5, 5]~-0.092673~-1.000000 
[555, 125, 10, 209, -5, 5]~-0.853845~0.000000 
[530, 150, 10, 229, -5, 5]~-0.853845~0.000000 
[505, 175, 10, 249, -5, 5]~-0.853845~0.000000 
[480, 200, 10, 269, -5, 5]~-0.853845~0.000000 
[450, 230, 10, 289, -5, 5]~-0.853845~0.000000 
[425, 255, 10, 309, -5, 5]~-0.853845~0.000000 
[405, 275, 10, 329, -5, 5]~-0.853845~0.000000 
[375, 305, 10, 349, -5, 5]~-0.853845~0.000000 
[350, 330, 10, 351, -5, 5]~-0.853845~0.000000 
[325, 355, 10, 351, -5, 5]~-0.853845~0.000000 
[300, 380, 10, 351, -5, -5]~0.312933~0.000000 
[275, 355, 10, 331, -5, -5]~0.312933~0.000000 
[245, 325, 10, 311, -5, -5]~0.312933~0.000000 
[220, 300, 10, 291, -5, -5]~0.312933~0.000000 
[185, 265, 10, 271, -5, -5]~0.312933~0.000000 
[160, 240, 10, 251, -5, -5]~0.312933~0.000000 
[125, 205, 10, 231, -5, -5]~0.312933~0.000000 
[100, 180, 10, 211, -5, -5]~0.312933~0.000000 
[70, 150, 10, 191, -5, -5]~0.312933~0.000000 
[45, 125, 10, 171, -5, -5]~0.312933~0.000000 
[20, 100, 10, 151, -5, -5]~0.312933~1.000000 
[25, 70, 10, 131, 5, -5]~0.090746~1.000000 
[45, 50, 10, 131, 5, -5]~0.090746~1.000000 
[60, 35, 10, 131, 5, -5]~0.090746~1.000000 
[80, 15, 10, 131, 5, -5]~0.090747~1.000000 
[100, 25, 10, 131, 5, 5]~-0.092673~0.000000 
[120, 45, 10, 131, 5, 5]~-0.092673~-1.000000 
[140, 65, 10, 131, 5, 5]~-0.092673~-1.000000 
[155, 80, 10, 131, 5, 5]~-0.092673~-1.000000 
[170, 95, 10, 131, 5, 5]~-0.092673~-1.000000 
[185, 110, 10, 131, 5, 5]~-0.092673~-1.000000 
[205, 130, 10, 131, 5, 5]~-0.092673~-1.000000 
[220, 145, 10, 131, 5, 5]~-0.092673~-1.000000 
[240, 165, 10, 131, 5, 5]~-0.092673~-1.000000 
[260, 185, 10, 131, 5, 5]~-0.092673~-1.000000 
[280, 205, 10, 131, 5, 5]~-0.092673~-1.000000 
[295, 220, 10, 131, 5, 5]~-0.092673~-1.000000 
[310, 235, 10, 131, 5, 5]~-0.092673~-1.000000 
[325, 250, 10, 131, 5, 5]~-0.092673~-1.000000 
[355, 280, 10, 131, 5, 5]~-0.092673~-1.000000 
[375, 300, 10, 131, 5, 5]~-0.092673~-1.000000 
[395, 320, 10, 131, 5, 5]~-0.092673~-1.000000 
[415, 340, 10, 131, 5, 5]~-0.092673~-1.000000 
[435, 360, 10, 131, 5, 5]~-0.092673~-1.000000 
[450, 375, 10, 131, 5, 5]~-0.092673~1.000000 
[470, 365, 10, 131, 5, -5]~0.090746~1.000000 
[490, 345, 10, 131, 5, -5]~0.090746~1.000000 
[520, 315, 10, 131, 5, -5]~0.090746~1.000000 
[540, 295, 10, 131, 5, -5]~0.090746~1.000000 
[565, 270, 10, 131, 5, -5]~0.090746~1.000000 
[560, 245, 10, 131, -5, -5]~0.312933~0.000000 
[535, 220, 10, 111, -5, -5]~0.312933~0.000000 
[515, 200, 10, 91, -5, -5]~0.312933~0.000000 
[495, 180, 10, 71, -5, -5]~0.312933~0.000000 
[470, 155, 10, 51, -5, -5]~0.312933~0.000000 
[450, 135, 10, 31, -5, -5]~0.312933~0.000000 
[430, 115, 10, 11, -5, -5]~0.312551~0.000000 
[400, 85, 10, 9, -5, -5]~0.311638~0.000000 
[370, 55, 10, 9, -5, -5]~0.311638~0.000000 
[340, 25, 10, 9, -5, -5]~0.311638~0.000000 
[320, 15, 10, 9, -5, 5]~-0.856052~0.000000 
[300, 35, 10, 29, -5, 5]~-0.853845~0.000000 
[275, 60, 10, 49, -5, 5]~-0.853845~0.000000 
[250, 85, 10, 69, -5, 5]~-0.853845~0.000000 
[230, 105, 10, 89, -5, 5]~-0.853845~0.000000 
[205, 130, 10, 109, -5, 5]~-0.853845~0.000000 
[180, 155, 10, 129, -5, 5]~-0.853845~0.000000 
[155, 180, 10, 149, -5, 5]~-0.853845~0.000000 
[135, 200, 10, 169, -5, 5]~-0.853845~0.000000 
[115, 220, 10, 189, -5, 5]~-0.853845~0.000000 
[90, 245, 10, 209, -5, 5]~-0.853845~0.000000 
[65, 270, 10, 229, -5, 5]~-0.853845~0.000000 
[40, 295, 10, 249, -5, 5]~-0.853845~0.000000 
[15, 320, 10, 269, -5, 5]~-0.853845~-1.000000 
[15, 335, 10, 289, 5, 5]~-0.092673~-1.000000 
[35, 355, 10, 289, 5, 5]~-0.092673~-1.000000 
[55, 375, 10, 289, 5, 5]~-0.092673~-1.000000 
[75, 365, 10, 289, 5, -5]~0.090746~0.000000 
[95, 345, 10, 289, 5, -5]~0.090746~1.000000 
[115, 325, 10, 289, 5, -5]~0.090746~1.000000 
[135, 305, 10, 289, 5, -5]~0.090746~1.000000 
[155, 285, 10, 289, 5, -5]~0.090746~1.000000 
[175, 265, 10, 289, 5, -5]~0.090746~1.000000 
[195, 245, 10, 289, 5, -5]~0.090746~1.000000 
[215, 225, 10, 289, 5, -5]~0.090746~1.000000 
[235, 205, 10, 289, 5, -5]~0.090746~1.000000 
[250, 190, 10, 289, 5, -5]~0.090746~1.000000 
[275, 165, 10, 289, 5, -5]~0.090746~1.000000 
[295, 145, 10, 289, 5, -5]~0.090746~1.000000 
[315, 125, 10, 289, 5, -5]~0.090746~1.000000 
[340, 100, 10, 289, 5, -5]~0.090746~1.000000 
[360, 80, 10, 289, 5, -5]~0.090746~1.000000 
[385, 55, 10, 289, 5, -5]~0.090746~1.000000 
[400, 40, 10, 289, 5, -5]~0.090746~1.000000 
[415, 25, 10, 289, 5, -5]~0.090746~1.000000 
[435, 15, 10, 289, 5, 5]~-0.092667~-1.000000 
[460, 40, 10, 289, 5, 5]~-0.092673~-1.000000 
[490, 70, 10, 289, 5, 5]~-0.092673~-1.000000 
[510, 90, 10, 289, 5, 5]~-0.092673~-1.000000 
[540, 120, 10, 289, 5, 5]~-0.092673~-1.000000 
[560, 140, 10, 289, 5, 5]~-0.092673~-1.000000 
[560, 170, 10, 289, -5, 5]~-0.853845~0.000000 
[535, 195, 10, 309, -5, 5]~-0.853845~0.000000 
[510, 220, 10, 329, -5, 5]~-0.853845~0.000000 
[485, 245, 10, 349, -5, 5]~-0.853845~0.000000 
[460, 270, 10, 351, -5, 5]~-0.853845~0.000000 
[440, 290, 10, 351, -5, 5]~-0.853845~0.000000 
[415, 315, 10, 351, -5, 5]~-0.853845~0.000000 
[390, 340, 10, 351, -5, 5]~-0.853845~0.000000 
[370, 360, 10, 351, -5, 5]~-0.853845~0.000000 
[350, 380, 10, 351, -5, -5]~0.312933~0.000000 
[325, 355, 10, 331, -5, -5]~0.312933~0.000000 
[305, 335, 10, 311, -5, -5]~0.312933~0.000000 
[280, 310, 10, 291, -5, -5]~0.312933~0.000000 
[250, 280, 10, 271, -5, -5]~0.312933~0.000000 
[225, 255, 10, 251, -5, -5]~0.312933~0.000000 
[200, 230, 10, 231, -5, -5]~0.312933~0.000000 
[180, 210, 10, 211, -5, -5]~0.312933~0.000000 
[150, 180, 10, 191, -5, -5]~0.312933~0.000000 
[125, 155, 10, 171, -5, -5]~0.312933~0.000000 
[100, 130, 10, 151, -5, -5]~0.312933~0.000000 
[70, 100, 10, 131, -5, -5]~0.312933~0.000000 
[40, 70, 10, 111, -5, -5]~0.312933~0.000000 
[25, 55, 10, 91, -5, -5]~0.312933~0.000000 
[10, 35, 10, 71, 5, -5]~0.090748~1.000000 
[25, 20, 10, 71, 5, -5]~0.090746~1.000000 
[45, 20, 10, 71, 5, 5]~-0.092673~1.000000 
[60, 35, 10, 71, 5, 5]~-0.092673~-1.000000 
[75, 50, 10, 71, 5, 5]~-0.092673~-1.000000 
[90, 65, 10, 71, 5, 5]~-0.092673~-1.000000 
[110, 85, 10, 71, 5, 5]~-0.092673~-1.000000 
[125, 100, 10, 71, 5, 5]~-0.092673~-1.000000 
[145, 120, 10, 71, 5, 5]~-0.092673~-1.000000 
[170, 145, 10, 71, 5, 5]~-0.092673~-1.000000 
[185, 160, 10, 71, 5, 5]~-0.092673~-1.000000 
[205, 180, 10, 71, 5, 5]~-0.092673~-1.000000 
[225, 200, 10, 71, 5, 5]~-0.092673~-1.000000 
[240, 215, 10, 71, 5, 5]~-0.092673~-1.000000 
[260, 235, 10, 71, 5, 5]~-0.092673~-1.000000 
[275, 250, 10, 71, 5, 5]~-0.092673~-1.000000 
[295, 270, 10, 71, 5, 5]~-0.092673~-1.000000 
[315, 290, 10, 71, 5, 5]~-0.092673~-1.000000 
[335, 310, 10, 71, 5, 5]~-0.092673~-1.000000 
[355, 330, 10, 71, 5, 5]~-0.092673~-1.000000 
[375, 350, 10, 71, 5, 5]~-0.092673~-1.000000 
[395, 370, 10, 71, 5, 5]~-0.092673~-1.000000 
[410, 375, 10, 71, 5, -5]~0.090746~1.000000 
[425, 360, 10, 71, 5, -5]~0.090746~1.000000 
[450, 335, 10, 71, 5, -5]~0.090746~1.000000 
[475, 310, 10, 71, 5, -5]~0.090746~1.000000 
[495, 290, 10, 71, 5, -5]~0.090746~1.000000 
[525, 260, 10, 71, 5, -5]~0.090746~1.000000 
[550, 235, 10, 71, 5, -5]~0.090746~1.000000 
[575, 210, 10, 71, -5, -5]~0.312933~0.000000 
[545, 180, 10, 51, -5, -5]~0.312933~0.000000 
[515, 150, 10, 31, -5, -5]~0.312933~0.000000 
[490, 125, 10, 11, -5, -5]~0.312551~0.000000 
[465, 100, 10, 9, -5, -5]~0.311638~0.000000 
[445, 80, 10, 9, -5, -5]~0.311638~0.000000 
[425, 60, 10, 9, -5, -5]~0.311638~0.000000 
[390, 25, 10, 9, -5, -5]~0.311638~0.000000 
[365, 20, 10, 9, -5, 5]~-0.856060~0.000000 
[335, 50, 10, 29, -5, 5]~-0.853845~0.000000 
[310, 75, 10, 49, -5, 5]~-0.853845~0.000000 
[290, 95, 10, 69, -5, 5]~-0.853845~0.000000 
[265, 120, 10, 89, -5, 5]~-0.853845~0.000000 
[240, 145, 10, 109, -5, 5]~-0.853845~0.000000 
[210, 175, 10, 129, -5, 5]~-0.853845~0.000000 
[185, 200, 10, 149, -5, 5]~-0.853845~0.000000 
[155, 230, 10, 169, -5, 5]~-0.853845~0.000000 
[130, 255, 10, 189, -5, 5]~-0.853845~0.000000 
[105, 280, 10, 209, -5, 5]~-0.853845~0.000000 
[75, 310, 10, 229, -5, 5]~-0.853845~0.000000 
[45, 340, 10, 249, -5, 5]~-0.853845~0.000000 
[15, 370, 10, 269, -5, 5]~-0.853845~-1.000000 
[15, 375, 10, 289, 5, -5]~0.090746~-1.000000 
[40, 350, 10, 289, 5, -5]~0.090746~-1.000000 
[55, 335, 10, 289, 5, -5]~0.090746~1.000000 
[65, 325, 10, 289, 5, -5]~0.090746~1.000000 
[90, 300, 10, 289, 5, -5]~0.090746~1.000000 
[105, 285, 10, 289, 5, -5]~0.090746~1.000000 
[125, 265, 10, 289, 5, -5]~0.090746~1.000000 
[140, 250, 10, 289, 5, -5]~0.090746~1.000000 
[160, 230, 10, 289, 5, -5]~0.090746~1.000000 
[175, 215, 10, 289, 5, -5]~0.090746~1.000000 
[195, 195, 10, 289, 5, -5]~0.090746~1.000000 
[215, 175, 10, 289, 5, -5]~0.090746~1.000000 
[230, 160, 10, 289, 5, -5]~0.090746~1.000000 
[245, 145, 10, 289, 5, -5]~0.090746~1.000000 
[270, 120, 10, 289, 5, -5]~0.090746~1.000000 
[290, 100, 10, 289, 5, -5]~0.090746~1.000000 
[305, 85, 10, 289, 5, -5]~0.090746~1.000000 
[320, 70, 10, 289, 5, -5]~0.090746~1.000000 
[350, 40, 10, 289, 5, -5]~0.090746~1.000000 
[365, 25, 10, 289, 5, -5]~0.090746~1.000000 
[380, 10, 10, 289, 5, 5]~-0.092377~-1.000000 
[400, 30, 10, 289, 5, 5]~-0.092673~-1.000000 
[415, 45, 10, 289, 5, 5]~-0.092673~-1.000000 
[440, 70, 10, 289, 5, 5]~-0.092673~-1.000000 
[465, 95, 10, 289, 5, 5]~-0.092673~-1.000000 
[490, 120, 10, 289, 5, 5]~-0.092673~-1.000000 
[520, 150, 10, 289, 5, 5]~-0.092673~-1.000000 
[545, 175, 10, 289, 5, 5]~-0.092673~-1.000000 
[570, 210, 10, 289, -5, 5]~-0.853845~0.000000 
[540, 240, 10, 309, -5, 5]~-0.853845~0.000000 
[515, 265, 10, 329, -5, 5]~-0.853845~0.000000 
[495, 285, 10, 349, -5, 5]~-0.853845~0.000000 
[465, 315, 10, 351, -5, 5]~-0.853845~0.000000 
[440, 340, 10, 351, -5, 5]~-0.853845~0.000000 
[410, 370, 10, 351, -5, 5]~-0.853845~0.000000 
[385, 365, 10, 351, -5, -5]~0.312933~0.000000 
[360, 340, 10, 331, -5, -5]~0.312933~0.000000 
[335, 315, 10, 311, -5, -5]~0.312933~0.000000 
[315, 295, 10, 291, -5, -5]~0.312933~0.000000 
[290, 270, 10, 271, -5, -5]~0.312933~0.000000 
[270, 250, 10, 251, -5, -5]~0.312933~0.000000 
[245, 225, 10, 231, -5, -5]~0.312933~0.000000 
[220, 200, 10, 211, -5, -5]~0.312933~0.000000 
[195, 175, 10, 191, -5, -5]~0.312933~0.000000 
[165, 145, 10, 171, -5, -5]~0.312933~0.000000 
[145, 125, 10, 151, -5, -5]~0.312933~0.000000 
[120, 100, 10, 131, -5, -5]~0.312933~0.000000 
[90, 70, 10, 111, -5, -5]~0.312933~0.000000 
[65, 45, 10, 91, -5, -5]~0.312933~0.000000 
[35, 15, 10, 71, -5, -5]~0.312943~0.000000 
[15, 25, 10, 51, -5, 5]~-0.853845~1.000000 
[15, 40, 10, 71, 5, 5]~-0.092673~1.000000 
[30, 55, 10, 71, 5, 5]~-0.092673~0.000000 
[45, 70, 10, 71, 5, 5]~-0.092673~-1.000000 
[60, 85, 10, 71, 5, 5]~-0.092673~-1.000000 
[80, 105, 10, 71, 5, 5]~-0.092673~-1.000000 
[100, 125, 10, 71, 5, 5]~-0.092673~-1.000000 
[120, 145, 10, 71, 5, 5]~-0.092673~-1.000000 
[150, 175, 10, 71, 5, 5]~-0.092673~-1.000000 
[170, 195, 10, 71, 5, 5]~-0.092673~-1.000000 
[190, 215, 10, 71, 5, 5]~-0.092673~-1.000000 
[210, 235, 10, 71, 5, 5]~-0.092673~-1.000000 
[220, 245, 10, 71, 5, 5]~-0.092673~-1.000000 
