[70, 70, 10, 180, 5, 5]~-0.542548~1.000000 
[85, 85, 10, 200, 5, 5]~-0.540623~1.000000 
[105, 105, 10, 220, 5, 5]~-0.540165~0.000000 
[125, 125, 10, 240, 5, 5]~-0.540125~0.000000 
[140, 140, 10, 260, 5, 5]~-0.540129~0.000000 
[150, 150, 10, 280, 5, 5]~-0.540132~0.000000 
[170, 170, 10, 300, 5, 5]~-0.540133~-1.000000 
[185, 185, 10, 320, 5, 5]~-0.540134~-1.000000 
[200, 200, 10, 340, 5, 5]~-0.540134~-1.000000 
[215, 215, 10, 351, 5, 5]~-0.540135~-1.000000 
[225, 225, 10, 351, 5, 5]~-0.540135~-1.000000 
[235, 235, 10, 351, 5, 5]~-0.540135~-1.000000 
[245, 245, 10, 351, 5, 5]~-0.540135~-1.000000 
[260, 260, 10, 351, 5, 5]~-0.540135~-1.000000 
[275, 275, 10, 351, 5, 5]~-0.540135~-1.000000 
[290, 290, 10, 351, 5, 5]~-0.540135~-1.000000 
[300, 300, 10, 351, 5, 5]~-0.540135~-1.000000 
[315, 315, 10, 351, 5, 5]~-0.540135~-1.000000 
[340, 340, 10, 351, 5, 5]~-0.540135~-1.000000 
[365, 365, 10, 351, 5, 5]~-0.540135~-1.000000 
[380, 380, 10, 351, 5, -1]~-0.910114~1.000000 
[405, 375, 10, 351, 5, -1]~-0.910114~1.000000 
[435, 369, 10, 351, 5, -1]~-0.910114~1.000000 
[460, 364, 10, 351, 5, -1]~-0.910114~1.000000 
[485, 359, 10, 351, 5, -1]~-0.910114~1.000000 
[510, 354, 10, 351, 5, -1]~-0.910114~1.000000 
[535, 349, 10, 351, 5, -1]~-0.910114~1.000000 
[560, 344, 10, 351, 5, -1]~-0.910114~1.000000 
[565, 345, 10, 351, -5, 2]~0.501234~0.000000 
[545, 353, 10, 331, -5, 2]~0.501234~0.000000 
[525, 361, 10, 311, -5, 2]~0.501234~0.000000 
[500, 371, 10, 291, -5, 2]~0.501234~0.000000 
[480, 379, 10, 271, -5, 2]~0.501234~0.000000 
[460, 375, 10, 251, -5, -2]~0.023869~0.000000 
[435, 365, 10, 251, -5, -2]~0.023869~0.000000 
[410, 355, 10, 251, -5, -2]~0.023869~0.000000 
[380, 343, 10, 251, -5, -2]~0.023869~0.000000 
[355, 333, 10, 251, -5, -2]~0.023869~0.000000 
[330, 323, 10, 251, -5, -2]~0.023869~0.000000 
[300, 311, 10, 251, -5, -2]~0.023869~0.000000 
[270, 299, 10, 251, -5, -2]~0.023869~0.000000 
[245, 289, 10, 251, -5, -2]~0.023869~0.000000 
[225, 281, 10, 251, -5, -2]~0.023869~0.000000 
[200, 271, 10, 251, -5, -2]~0.023869~0.000000 
[175, 261, 10, 251, -5, -2]~0.023869~0.000000 
[150, 251, 10, 251, -5, -2]~0.023870~0.000000 
[120, 239, 10, 251, -5, -2]~0.023872~0.000000 
[85, 225, 10, 251, -5, -2]~0.023938~0.000000 
[55, 213, 10, 251, -5, -2]~0.025152~0.000000 
[25, 201, 10, 251, -5, -2]~0.038760~0.000000 
[15, 195, 10, 251, 5, 2]~-0.930735~1.000000 
[30, 201, 10, 271, 5, 2]~-0.802859~1.000000 
[50, 209, 10, 291, 5, 2]~-0.756519~1.000000 
[70, 217, 10, 311, 5, 2]~-0.749290~1.000000 
[85, 223, 10, 331, 5, 2]~-0.748372~1.000000 
[100, 229, 10, 351, 5, 2]~-0.748163~1.000000 
[115, 235, 10, 351, 5, 2]~-0.748115~1.000000 
[130, 241, 10, 351, 5, 2]~-0.748104~1.000000 
[150, 249, 10, 351, 5, 2]~-0.748101~1.000000 
[165, 255, 10, 351, 5, 2]~-0.748101~1.000000 
[175, 259, 10, 351, 5, 2]~-0.748101~1.000000 
[190, 265, 10, 351, 5, 2]~-0.748101~0.000000 
[205, 271, 10, 351, 5, 2]~-0.748101~0.000000 
[215, 275, 10, 351, 5, 2]~-0.748101~0.000000 
[225, 279, 10, 351, 5, 2]~-0.748101~0.000000 
[235, 283, 10, 351, 5, 2]~-0.748101~-1.000000 
[250, 289, 10, 351, 5, 2]~-0.748101~-1.000000 
[270, 297, 10, 351, 5, 2]~-0.748101~-1.000000 
[285, 303, 10, 351, 5, 2]~-0.748101~-1.000000 
[300, 309, 10, 351, 5, 2]~-0.748101~-1.000000 
[320, 317, 10, 351, 5, 2]~-0.748101~-1.000000 
[335, 323, 10, 351, 5, 2]~-0.748101~-1.000000 
[345, 327, 10, 351, 5, 2]~-0.748101~-1.000000 
[355, 331, 10, 351, 5, 2]~-0.748101~-1.000000 
[365, 335, 10, 351, 5, 2]~-0.748101~-1.000000 
[375, 339, 10, 351, 5, 2]~-0.748101~-1.000000 
[390, 345, 10, 351, 5, 2]~-0.748101~-1.000000 
[405, 351, 10, 351, 5, 2]~-0.748101~-1.000000 
[410, 353, 10, 351, 5, 2]~-0.748101~-1.000000 
